X(0) = 22.000000+j0.000000
X(1) = 2.873627-j9.160858
X(2) = 8.707107-j7.707107
X(3) = -7.567064-j7.702054
X(4) = -1.000000-j1.000000
X(5) = -8.332431+j5.854295
X(6) = 7.292893+j6.292893
X(7) = 1.025868+j8.395491
X(8) = 20.000000-j0.000000
X(9) = 1.025868-j8.395491
X(10) = 7.292893-j6.292893
X(11) = -8.332431-j5.854295
X(12) = -1.000000+j1.000000
X(13) = -7.567064+j7.702054
X(14) = 8.707107+j7.707107
X(15) = 2.873627+j9.160858
