h2(0) = -0.001700, h2(1) = 0.000000, h2(2) = 0.002937, h2(3) = -0.000000, h2(4) = -0.006730, 
h2(5) = 0.000000, h2(6) = 0.014094, h2(7) = -0.000000, h2(8) = -0.026785, h2(9) = 0.000000, 
h2(10) = 0.049099, h2(11) = -0.000000, h2(12) = -0.096938, h2(13) = 0.000000, h2(14) = 0.315620, 
h2(15) = 0.500808, h2(16) = 0.315620, h2(17) = 0.000000, h2(18) = -0.096938, h2(19) = -0.000000, 
h2(20) = 0.049099, h2(21) = 0.000000, h2(22) = -0.026785, h2(23) = -0.000000, h2(24) = 0.014094, 
h2(25) = 0.000000, h2(26) = -0.006730, h2(27) = -0.000000, h2(28) = 0.002937, h2(29) = 0.000000, 
h2(30) = -0.001700
H2(0) = 1.000000, H2(1) = -0.998103, H2(2) = 0.979459, H2(3) = -0.957382, H2(4) = 0.918689, 
H2(5) = -0.877539, H2(6) = 0.820105, H2(7) = -0.641342, H2(8) = 0.255460, H2(9) = -0.024333, 
H2(10) = -0.001412, H2(11) = -0.000091, H2(12) = 0.000061, H2(13) = 0.000049, H2(14) = 0.000020, 
H2(15) = 0.000002, H2(16) = 0.000002, H2(17) = 0.000020, H2(18) = 0.000049, H2(19) = 0.000061, 
H2(20) = -0.000091, H2(21) = -0.001412, H2(22) = -0.024333, H2(23) = 0.255460, H2(24) = -0.641342, 
H2(25) = 0.820105, H2(26) = -0.877539, H2(27) = 0.918689, H2(28) = -0.957382, H2(29) = 0.979459, 
H2(30) = -0.998103
