h1(0) = -0.021650, h1(1) = 0.000000, h1(2) = 0.024980, h1(3) = -0.000000, h1(4) = -0.029522, 
h1(5) = 0.000000, h1(6) = 0.036083, h1(7) = -0.000000, h1(8) = -0.046392, h1(9) = 0.000000, 
h1(10) = 0.064949, h1(11) = -0.000000, h1(12) = -0.108249, h1(13) = 0.000000, h1(14) = 0.324746, 
h1(15) = 0.510109, h1(16) = 0.324746, h1(17) = 0.000000, h1(18) = -0.108249, h1(19) = -0.000000, 
h1(20) = 0.064949, h1(21) = 0.000000, h1(22) = -0.046392, h1(23) = -0.000000, h1(24) = 0.036083, 
h1(25) = 0.000000, h1(26) = -0.029522, h1(27) = -0.000000, h1(28) = 0.024980, h1(29) = 0.000000, 
h1(30) = -0.021650
H1(0) = 1.000000, H1(1) = -1.035382, H1(2) = 0.978367, H1(3) = -0.995479, H1(4) = 0.913625, 
H1(5) = -0.919209, H1(6) = 0.803880, H1(7) = -0.821448, H1(8) = 0.176526, H1(9) = 0.035420, 
H1(10) = 0.014899, H1(11) = 0.007336, H1(12) = 0.003649, H1(13) = 0.001640, H1(14) = 0.000547, 
H1(15) = 0.000059, H1(16) = 0.000059, H1(17) = 0.000547, H1(18) = 0.001640, H1(19) = 0.003649, 
H1(20) = 0.007336, H1(21) = 0.014899, H1(22) = 0.035420, H1(23) = 0.176526, H1(24) = -0.821448, 
H1(25) = 0.803880, H1(26) = -0.919209, H1(27) = 0.913625, H1(28) = -0.995479, H1(29) = 0.978367, 
H1(30) = -1.035382
