X(0) = 6.99128
X(1) = -6.91229
X(2) = 4.63404
X(3) = 3.47236
X(4) = 4.53822
X(5) = 2.39996
X(6) = -1.73256
X(7) = -0.26035
X(8) = -0.95696
X(9) = -0.95506
X(10) = 2.53082
X(11) = 3.80930
X(12) = -2.85464
X(13) = 0.30041
X(14) = -8.00665
X(15) = 0.69390
X(16) = -0.11224
X(17) = -0.62488
X(18) = 2.01107
X(19) = -0.38875
X(20) = -2.79357
X(21) = 4.82174
X(22) = 1.96075
X(23) = 0.39961
X(24) = -1.72775
X(25) = -4.63368
X(26) = 0.24772
X(27) = 5.55641
X(28) = 2.41857
X(29) = -1.82453
X(30) = 0.20191
X(31) = -2.41465
X(32) = 1.34430
X(33) = 6.43015
X(34) = -1.82473
X(35) = 2.06643
X(36) = 2.66019
X(37) = 0.38580
X(38) = -2.82081
X(39) = -0.40775
X(40) = -2.12681
X(41) = 0.85760
X(42) = 4.43750
X(43) = -3.49431
X(44) = -0.46150
X(45) = 1.39469
X(46) = 2.83679
X(47) = 0.39888
X(48) = -6.47257
X(49) = 0.55568
X(50) = -4.06660
X(51) = -2.67784
X(52) = -2.88284
X(53) = -0.02779
X(54) = -0.21149
X(55) = -4.93573
X(56) = -6.86449
X(57) = 3.94658
X(58) = 2.55263
X(59) = 0.38203
X(60) = 1.98311
X(61) = -0.43755
X(62) = -1.39257
X(63) = -0.20661
X(64) = -6.11359
X(65) = 1.17303
X(66) = -3.65019
X(67) = -3.91517
X(68) = -2.44687
X(69) = -1.57910
X(70) = 0.73751
X(71) = -1.95013
X(72) = -2.81729
X(73) = 0.26904
X(74) = 2.86336
X(75) = 0.30539
X(76) = -1.09955
X(77) = -2.68794
X(78) = 2.15990
X(79) = 6.06812
X(80) = 1.88459
X(81) = 2.56655
X(82) = 3.12263
X(83) = -3.46205
X(84) = 3.67124
X(85) = 1.12088
X(86) = 0.10579
X(87) = 2.60271
X(88) = 0.28101
X(89) = -1.14628
X(90) = 5.68164
X(91) = 0.92244
X(92) = 4.30926
X(93) = -0.34134
X(94) = 2.12052
X(95) = -1.27246
X(96) = -2.51619
X(97) = -2.63850
X(98) = -1.81087
X(99) = 1.14775
X(100) = -3.00390
X(101) = 1.14775
X(102) = -1.81087
X(103) = -2.63850
X(104) = -2.51619
X(105) = -1.27246
X(106) = 2.12052
X(107) = -0.34134
X(108) = 4.30926
X(109) = 0.92244
X(110) = 5.68164
X(111) = -1.14628
X(112) = 0.28101
X(113) = 2.60271
X(114) = 0.10579
X(115) = 1.12088
X(116) = 3.67124
X(117) = -3.46205
X(118) = 3.12263
X(119) = 2.56655
X(120) = 1.88459
X(121) = 6.06812
X(122) = 2.15990
X(123) = -2.68794
X(124) = -1.09955
X(125) = 0.30539
X(126) = 2.86336
X(127) = 0.26904
X(128) = -2.81729
X(129) = -1.95013
X(130) = 0.73751
X(131) = -1.57910
X(132) = -2.44687
X(133) = -3.91517
X(134) = -3.65019
X(135) = 1.17303
X(136) = -6.11359
X(137) = -0.20661
X(138) = -1.39257
X(139) = -0.43755
X(140) = 1.98311
X(141) = 0.38203
X(142) = 2.55263
X(143) = 3.94658
X(144) = -6.86449
X(145) = -4.93573
X(146) = -0.21149
X(147) = -0.02779
X(148) = -2.88284
X(149) = -2.67784
X(150) = -4.06660
X(151) = 0.55568
X(152) = -6.47257
X(153) = 0.39888
X(154) = 2.83679
X(155) = 1.39469
X(156) = -0.46150
X(157) = -3.49431
X(158) = 4.43750
X(159) = 0.85760
X(160) = -2.12681
X(161) = -0.40775
X(162) = -2.82081
X(163) = 0.38580
X(164) = 2.66019
X(165) = 2.06643
X(166) = -1.82473
X(167) = 6.43015
X(168) = 1.34430
X(169) = -2.41465
X(170) = 0.20191
X(171) = -1.82453
X(172) = 2.41857
X(173) = 5.55641
X(174) = 0.24772
X(175) = -4.63368
X(176) = -1.72775
X(177) = 0.39961
X(178) = 1.96075
X(179) = 4.82174
X(180) = -2.79357
X(181) = -0.38875
X(182) = 2.01107
X(183) = -0.62488
X(184) = -0.11224
X(185) = 0.69390
X(186) = -8.00665
X(187) = 0.30041
X(188) = -2.85464
X(189) = 3.80930
X(190) = 2.53082
X(191) = -0.95506
X(192) = -0.95696
X(193) = -0.26035
X(194) = -1.73256
X(195) = 2.39996
X(196) = 4.53822
X(197) = 3.47236
X(198) = 4.63404
X(199) = -6.91229
